23.284171319659286
26.857994072163255
16.24959319696268
16.772628284093077
21.33285755259899
25.65835028789669
29.512317719204233
24.10279054635463
36.11768871508375
27.71273216658707
31.142404724789017
60.578714731292486
83.14628414772676
72.52046311596416
70.38420832125703
67.65213395342477
87.73314880192609
72.6242041960408
76.08670055513959
78.55743456993244
74.48982692118912
61.192188082627986
77.54408137402949
88.06230434077055
66.14825755034008
67.29274575017693
72.76869604247142
71.59489452001908
73.28852042454623
65.25431730898222
76.62914618093262
72.58749913752432
59.78493773221118
51.10932484148093
71.45488408163042
88.7050782630285
86.58930019276173
62.17769344427056
78.79198600407182
82.11411935564225
62.01056458257568
76.36145600509514
65.5971682998288
82.77140733439744
56.82320657772307
62.69282221479493
73.14659727661622
60.98391704915989
73.05762268885435
80.17458710033145
64.45347928634727
69.35502425917345
75.56148998683976
48.66792112879085
73.58795365189802
82.12463079114598
73.16660613101924
80.10454061759
82.61948126919245
68.56053180877225
64.23595476866876
77.0650569076287
76.92837126725203
67.32552040175362
75.22007110657425
64.12590270207366
84.97365319493863
68.7406303581088
68.54199450520049
50.718608056871666
61.499481519888754
58.241243864194715
58.478254154442595
49.91161985134229
74.02776201173049
68.7468982577833
67.8350596995556
77.68238905582098
64.96726332791977
60.27046736652853
62.090257162888065
77.2944885509949
72.88018628212373
75.61514914379285
69.90654314741302
79.22580136081024
70.46572927210471
71.5755640925682
74.43550025429505
76.95179655186053
73.02643063844226
59.757438216526175
74.97298508102706
83.41187349510099
66.48047695025029
88.20966101233384
71.29914836888886
79.96955833778108
68.75948079057002
63.553150989882354
60.57791494096654
93.94826907132179
61.79344178335702
68.92453795101132
70.96002389451407
81.29993784617423
61.937580456677296
60.267055186887404
57.743141406160575
85.09790498120029
61.45904023583056
85.13132407798452
84.80546541788345
89.46018894870242
54.287188447287356
64.61329468867095
68.25906996701089
64.92670674296394
69.26949462485611
89.44931402704782
86.5737788088768
64.74525133972311
71.92123257113916
48.19453953499694
83.4881769605058
78.93410212545868
49.68413429529151
72.94328764617975
69.85708989795083
71.71193054157925
73.92616484696107
63.664542930894406
62.79378524739743
66.99921572840759
72.47207484433847
66.47734027116026
61.71775667857309
68.39178271757443
78.46941330570317
69.47021978524593
74.20301566687424
70.49081422646638
64.05581677908201
83.71114712676997
53.33372286776178
84.52130599313405
51.068719107204956
66.04269174632182
83.8896145295924
73.52596095649307
68.16739379639286
60.23185626491747
68.14604081700854
79.80657287859331
61.69095805060311
74.55451574094465
66.72188491350468
89.42928271188185
76.55710992006121
68.27383585535506
86.6728788852287
75.69995666034347
60.34758033132916
72.00294770338493
71.65160237046243
58.35749161641066
62.8261302612458
65.42497365121584
76.22862309909897
74.73918368392289
82.67055535212828
86.67097223816356
68.46393367537283
78.21922943734553
69.81871546061122
80.44985592305068
70.71218662399049
77.13034102327158
72.76525048505627
78.22104870278159
82.94117771261716
84.74827332188612
60.35761783431942
75.32234123979022
67.89601594036317
75.40171402476632
74.75493687754431
57.092202042262244
83.42206028073358
64.6263086710978
73.88893670661092
67.74901729644515
63.455521860391116
68.86651389485517
77.4414926534185
91.52834880648912
74.8949139381589
71.31550231690315
79.65424994946349
85.20852442441428
64.24147202733748
84.89412566881468
62.09994149276803
54.91558788662047
72.94672834905994
65.95716757051007
76.04146292223814
81.15615659652863
67.08061652382268
80.88620720448628
82.58035133631209
75.79123536306597
54.148721169813044
61.144840516164
67.36735556408387
58.67185153573065
65.77662846643406
73.69761491704442
80.07215191292707
83.7238419178312
75.79731453984797
63.751224320706775
65.06675055912662
68.94763858574859
83.98550631677121
74.944555306543
78.6218861214459
69.21004816718883
67.08002183190598
69.84126509424637
64.29948637442371
76.65783628839228
68.56946064311146
68.90282208944679
88.7844850297493
62.29659302605192
76.73855926082584
77.9728491540484
60.07238311869295
64.67905819533289
84.95409095775126
75.5421261816148
61.47559807431288
87.111771549867
75.01345488832435
68.89730362283683
78.84318145038138
82.87780570254505
65.01389483909323
61.63969039023983
62.581849598470676
62.23440069074331
71.87320657772304
82.90454486815435
86.64954158622001
66.57298933159142
71.52369142724768
80.50954510746558
77.3811207914871
71.49412506484411
62.33142906584163
65.5983928733481
74.21262292816559
54.04676597739836
81.56135951836664
68.69066373588285
78.48694813642214
61.806973389111974
63.50107868465818
67.41339177937
79.81891449654422
68.9170363727182
65.98466708619506
74.7896290931973
67.89442969260486
68.0048737685899
54.162098638390745
47.130058856273756
84.95793823362627
66.47218649864236
66.82888464001581
79.167297913635
69.5648384535559
86.44361290002155
85.66582696677432
71.26671657738196
58.363995576385996
65.67051591187803
63.20811664347833
76.05785024802651
72.37107722602067
65.20211938981991
77.60349566186392
66.61084129106801
77.19944389155036
80.61959231952578
74.38454693076245
55.050681216762676
64.18292913991202
68.39447763398381
59.32112031286466
68.81540037166916
61.52615392994995
66.86801396892557
71.89262438680309
54.02041336267342
44.67603621316985
61.483364840116536
74.66719171783667
73.94560572077462
82.17530861412753
71.97394325909463
50.971608808983
64.52015302969785
73.42245654068788
78.26744780024792
65.36460603984878
66.64783216317609
79.36454413883561
64.30100222004017
75.7276982988055
79.2702841021415
67.42406401849783
59.48963273979104
68.45266734829896
50.793213620214246
76.25196585661325
68.43054916430395
68.05781626628188
65.48120696517506
75.01393913387842
76.29037913023248
64.74156365953095
74.59670953489076
74.25714875634088
69.89744925888542
80.96566191258596
77.33599906345391
72.48002668644092
70.54509234801091
66.2764445980765
69.67283459044354
62.913511934802585
71.42169679458277
76.45094456959133
56.02392263301359
68.73844275198702
70.88294976599305
60.50287488536067
72.41902008837198
72.34885345019799
62.57265011811535
46.78403235005751
48.313278917124876
74.10110901980912
70.38567987208832
79.2220317574945
76.65926839897332
89.17849323459646
68.21045899074798
74.5716251844997
61.059674367997495
67.58563072276816
75.68769271495181
82.57924327163164
80.61709523110824
77.23797427797903
73.32261248977693
68.67998239165573
72.94383925125248
85.65833509755112
48.02209730510139
75.6289956903491
87.92399180444411
75.9959449342507
76.61977618788336
87.69480834633114
87.25917251621547
86.1091185123604
57.01640163658066
72.83751855566412
63.95259392630404
72.33742631950003
74.17642578390725
78.74166195817119
70.13665261376069
59.02807453664937
81.58722849150818
68.79554686238461
67.1551783963507
73.07186670330611
82.04437689669099
66.91397251165246
83.91600112606201
61.76359931643174
60.11597079091112
65.62213249478728
70.69559601170475
79.21691136275064
82.06263749177045
82.22352212249491
73.22168768948349
75.43065110953796
72.53463431239163
70.2658215082688
88.43892760151158
72.99051505721116
73.88540316359598
71.38459062157706
62.79318570094575
56.40447144615947
82.27416596373179
61.29402737017443
71.22553011082351
75.17804236681653
77.41648476764544
71.06400709736774
72.90371230402499
50.76773726043329
60.928786341375535
69.78593535052896
76.25080864261267
75.56807707787993
78.56922458281059
64.11610186335483
65.75134508010996
64.07367625967224
86.77729778828687
83.67534745040716
68.08008433688974
76.57488626958667
54.0056905611732
82.14379676837915
62.71445190267155
71.65604433825413
55.46790656518598
71.7099802036995
71.76463152046476
62.86236078327817
57.16459147624393
67.69723201275382
72.01231223792863
55.631651166508234
79.51868208283713
65.39987838381366
67.27170589968205
69.20599214631088
58.09393027947539
85.6042802846144
79.64781820354182
69.3003292515936
80.73182228317278
65.92882578162575
61.95171281682513
84.39942993191609
64.89384410578747
78.04127419934561
90.6319345414473
49.19864895575939
78.05750253342175
64.10137966582523
67.08168150165918
83.76662554915906
75.01365817482176
78.96105003607093
69.05359094065118
68.35844554391383
74.09657906641766
55.13294855805184
70.0109626544418
73.76606848558076
78.84635636178047
73.29994695127355
80.10588595051252
67.04965628314704
80.32730689338617
77.79442058750557
66.54575560738758
71.89699049394738
58.73185445300564
79.67509016005464
63.740111526839506
69.47030777084568
54.43799613477136
61.53167118861866
89.84614397018373
73.94818533628636
64.59833522289931
66.60302477197358
73.82484803727765
78.38237874278047
66.50868706272024
75.37710846142375
53.08491771010076
84.61159799454994
85.35210603415625
68.09472461129576
75.36083704050361
74.69648683025356
66.24465179327147
71.61196027275959
70.73242728813003
78.71141777278608
63.09055754008449
79.89800632246373
80.12779538950454
52.26678393690067
82.39216016335945
60.25264672221791
75.04584298901672
81.93964790736648
75.64312319596199
73.86389544306381
78.37277208545974
73.46241903769757
65.98863572544388
83.35678708210185
71.40717302901561
71.81880284224036
72.7944976560942
71.42574796092573
69.43911572043356
83.86655818964032
68.41611217639534
86.57902056699446
74.93456149436732
74.63227254698215
78.64078084869229
65.89573133471282
68.26395369748327
63.69773021794209
78.34073655390713
72.7598054404412
68.79694619916222
58.79404739228486
72.74155455443166
85.55490410374082
75.43476963539968
73.80162664313717
86.25957908921026
67.58609555018238
64.35596666569488
79.80645697372508
69.82284429951345
62.16697265979322
78.15874592111027
66.41224912897427
82.11462666592979
58.40189608121208
71.85864337190566
80.40306421222377
73.19243566391054
73.22823048573845
72.9567427873167
65.39083789517053
74.89054843498522
78.95529065462522
58.62338984211005
64.24040279893664
79.89264926344845
82.76656244020467
77.0690643831572
68.84011698534505
71.13448867634304
72.0864050324781
78.44755241206065
58.22057356232684
76.31195966878892
79.01637432128277
75.51597685338729
80.98169181469964
73.75345136707877
74.59011758931565
61.294545597473125
73.49428951506187
67.32945505925774
56.577905835867256
62.381554679779796
71.65854748914785
74.53571324986233
66.5236525909681
64.59321482815548
72.1306553601023
65.23559249045918
62.910739345833996
56.07860126507673
56.88563557730315
73.25248833447631
72.52633354774318
85.50455093063051
63.91802307402485
77.80434704016253
64.6131787838027
70.69761856363816
61.73094056972329
74.00517900032133
68.23755678797313
72.46236078327817
63.959776313231494
61.209998413898084
77.19884919963363
85.6852732990935
64.9447197567608
84.03772730066703
75.94629325282602
64.05696913854761
63.426264980283236
85.44271237240284
74.30120065200259
67.8837137626625
64.38653064641629
78.66157797243955
74.76354712448845
46.161474215293715
62.2486883960096
74.83596933227359
69.86244331037238
76.66076907701428
74.7245822457965
76.81062889947127
80.49632723457074
80.08513797608543
73.58406328917907
66.03110562391166
61.805270632514805
60.04953006523827
79.08716538255379
97.47768554711249
65.1606574227104
72.93106253706767
73.16179521857117
74.21087587678326
42.896605173774304
62.66634884066679
59.9369414699754
58.15163514426588
85.26463152046476
67.13355477095028
90.7525757161054
75.06854190529414
76.05226077530413
67.42958067319591
58.386772165222666
56.270529871512274
86.271412792903
69.50575002353388
87.99217533093494
57.17807999515491
82.94721319858459
74.45034441916907
78.4237296595567
75.28407239427835
86.36379956030598
64.33377687161683
53.925358994158934
82.21678089427753
59.95701707992655
57.184429213982405
81.27672130656876
77.26408902049131
65.07739367104475
63.44349518324149
71.82872444036235
78.7232029311293
64.2384518570863
78.07175565297278
79.54547039776656
64.68683527417707
68.45908938515069
62.36568012278455
56.03340307242551
61.005667496439685
77.5056244095957
86.89607600669441
59.76823606959215
59.33969524477481
73.03265484730215
60.446674949175495
62.42734937625954
67.14093498586958
79.1975420990201
78.92445117335278
78.76174181868669
73.59843231359835
69.71009610856777
88.73177919632879
53.903101236591574
63.08250375274804
61.55040692415285
82.2462252893367
59.93035012837091
84.51503323892457
87.40386339857906
72.7017959478899
64.58670480570396
56.94393453003973
76.03106739160263
53.57981248293242
74.92864191326821
77.85050947335746
79.86983444230277
72.42116946218479
80.66356714659891
70.29999549662313
72.20928235860752
91.24656025224843
67.2989742096012
73.72010994285384
79.68893670661087
67.03056797847316
82.18134410009495
76.44177240453388
82.12284490348404
80.97777172080038
75.64261042716885
66.91174061074547
65.90945712186584
79.03145454645761
59.827683131230046
70.02416961032556
81.3684739418048
58.84746321851968
66.46162530984785
58.08091629704854
64.19161220488047
58.9393711988742
76.75685383764998
64.42986163225255
60.641264490275745
48.10928600520128
86.52968322240046
65.40127772059125
54.46569408241883
83.6395854023827
62.33365550824305
60.87024405792069
76.19929885947239
69.29850452765201
78.0043998360764
75.46806736881005
67.81707460502722
68.21304346079464
89.60346168011925
69.30529005065462
58.03118269250029
65.00365404960557
72.88105282799779
61.162979747869635
72.62333279563184
75.40620089131386
79.36871181401746
82.90245495670223
80.6135622920639
65.97438200192221
73.94536784856197
82.89201027674656
76.94858280418188
84.85737266891923
71.60806324359382
59.77628925295801
62.049219978971955
76.31553629864784
76.24505411570189
78.18159957853558
83.14477376061588
71.97020582561169
78.21521710728217
60.60029952041328
69.75181051149478
70.52529769711641
64.28425565866536
69.48657494120145
76.26838656017566
65.01080245478838
68.95484889194456
67.11705093632308
77.99504015606766
73.85100222004017
66.26684219132011
85.3063847596714
64.78743542459935
78.94651595746328
82.52597552009787
70.99026262139361
66.05943770372605
79.11951950150149
78.68292063878332
62.29321482815548
61.950125361125615
63.40011019355013
59.88316701212469
70.34626352164574
75.17847321248605
62.19697957693627
57.85084627095107
59.6409544040094
85.44231004997238
66.18183078430148
70.7579861750052
80.50362492239582
78.19359287791116
68.56528871736525
59.24083789517053
69.26567647619085
71.68006066818559
49.0851070369639
68.6358194456607
79.8709861977978
63.85869191725521
83.03869033326957
76.22362346375836
72.17943564111795
62.04160249581059
72.24896510450188
61.227233471391294
75.09196173139706
71.92817223131902
73.99870841812
76.42407312359708
71.26953831567072
83.25090148274737
74.26850306901451
58.458217984741694
73.55199377588173
69.7707337619803
64.60067757016897
75.69527136183353
59.89050353622941
79.48154132411611
76.53230107022122
75.90045546950235
61.01006637738741
83.55580827795328
80.93033677270725
75.07020642958229
58.3400289997453
63.69943357850986
71.1938586693923
86.53376837048816
72.95602612805557
75.66682398112151
84.27251114851354
85.67785424789454
77.6945650156129
75.94565426612414
83.86854250926473
56.828404041055514
78.4130149375555
61.04527136183355
71.0232842502823
61.83400443078903
57.9735251651181
52.70591812034539
67.68103826439294
54.84249271038878
67.81017317715639
79.72342988633088
77.2220991170132
71.39522827498959
66.42035146166026
74.30941888955682
75.29836920464396
69.48483759888903
79.99730483077808
66.70673187030556
57.1586379134001
77.94403768321494
66.4240342873175
90.07620914174623
63.271367290176634
78.27252996268273
63.23628852363928
69.14959863269821
70.01865781016241
72.74465239724208
70.39631752550085
76.61767050488515
82.43418950708782
67.33207290707851
52.056049192789104
62.11109737347924
68.24252244156911
70.97014392459855
80.16601083513191
77.70675189241597
73.77868560408275
50.01353620747735
82.00286578026135
82.63734500034701
74.23734439637644
78.61009125403281
64.09047015845537
72.94447338341945
71.43031189606188
59.172412245902656
66.76177034192581
72.31095779990684
84.91388633796448
83.99359348188177
69.89502984302715
83.68578181732228
73.56802853253038
67.02970203656972
79.83864178791998
64.67266468172024
70.38758531121226
75.56248214665199
75.6640410791124
74.16813472832872
76.2322385652375
82.93633827692999
54.13145758908073
57.87009842187213
73.0238510229305
91.37495058648227
77.16558484399734
68.38202011116462
79.28064685897361
73.0912796578512
65.08077186894116
62.44997547451269
68.12135333054238
82.17657081598526
63.140175239764496
64.15809237080354
73.81627177207815
65.3363467780587
73.12893258139474
76.54425067878222
70.98478419900455
77.6243692502292
87.68052124503546
68.90632104674646
71.96453442976572
77.26226004598539
61.586912342765686
69.65032925159359
70.94081422646639
66.71938842905777
67.02953698238134
65.84854336393163
68.02296930948097
74.90650006056904
69.60142214869859
69.89030570823758
62.919156015350666
72.02430068276927
72.67067550756082
75.28083012336059
68.65160722499736
71.75935032209689
89.66024720312188
69.00220191691412
57.11727243301904
63.82543302012448
66.25219706237915
76.88464402146151
73.95406062260034
80.75372686762987
73.55783628839227
74.99742013167571
56.68227558960527
45.756784062248805
76.94345695093244
82.91642226266167
68.25554188250153
70.45314613534738
61.33743542459933
63.10778228453717
64.6169053002745
57.42295474587614
82.17694461517657
65.76754974548196
60.09390175623626
89.12919958081706
66.75665480171693
70.76091896362722
68.01515824889215
72.03013288223924
66.53544199987563
78.19109093495865
53.98564953693735
68.23148732026105
84.29985592305067
73.55191670729312
80.37139277079258
55.54505776229565
67.09850877821636
81.49698563941242
69.57051651584865
70.58875283825331
56.04502863508592
71.74026262139363
84.26108462178622
76.98612042682774
66.68708770999459
62.29718832193925
66.10658683822761
68.23061166928773
67.83429995345053